(1, [686, 75, 903, 472])
(1, [688, 69, 906, 468])
(1, [689, 76, 908, 467])
(1, [690, 76, 907, 471])
(1, [692, 83, 908, 472])
(1, [698, 89, 906, 476])
(1, [693, 91, 910, 479])
(1, [694, 100, 908, 481])
(1, [698, 100, 911, 482])
(1, [701, 104, 910, 480])
(1, [699, 121, 907, 461])
(1, [699, 101, 911, 472])
(1, [700, 101, 912, 467])
(1, [699, 95, 914, 458])
(1, [703, 94, 915, 456])
(1, [702, 94, 915, 456])
(1, [698, 93, 913, 452])
(1, [704, 91, 910, 458])
(1, [704, 85, 915, 457])
(1, [709, 81, 920, 449])
(1, [716, 83, 923, 432])
(1, [716, 82, 920, 432])
(1, [714, 88, 922, 438])
(1, [710, 88, 914, 433])
(1, [709, 92, 914, 434])
(1, [709, 99, 907, 432])
(1, [686, 125, 900, 443])
(1, [693, 107, 903, 458])
(1, [687, 139, 896, 473])
(1, [677, 161, 891, 473])
(1, [680, 154, 893, 486])
(1, [682, 174, 889, 492])
(1, [681, 182, 885, 492])
(1, [677, 189, 881, 499])
(1, [675, 198, 877, 507])
(1, [676, 196, 882, 503])
(1, [675, 206, 878, 512])
(1, [671, 200, 874, 508])
(1, [674, 186, 874, 501])
(1, [673, 179, 874, 496])
(1, [675, 163, 869, 483])
(1, [678, 119, 869, 470])
(1, [675, 109, 874, 451])
(1, [667, 79, 863, 432])
(1, [670, 43, 870, 401])
(1, [656, 40, 853, 385])
(1, [647, 40, 842, 384])
(1, [646, 25, 846, 382])
(1, [653, 24, 837, 390])
(1, [650, 53, 841, 393])
(1, [652, 65, 841, 398])
(1, [658, 87, 836, 409])
(1, [660, 79, 841, 432])
(1, [649, 106, 839, 437])
(1, [633, 113, 851, 457])
(1, [637, 135, 854, 456])
(1, [640, 142, 851, 473])
(1, [645, 144, 859, 473])
(1, [642, 152, 855, 482])
(1, [640, 165, 854, 481])
(1, [651, 163, 861, 487])
(1, [664, 162, 858, 485])
(1, [663, 165, 863, 483])
(1, [660, 155, 865, 492])
(1, [663, 164, 864, 471])
(1, [668, 152, 868, 466])
(1, [670, 143, 873, 451])
(1, [672, 132, 876, 444])
(1, [678, 121, 882, 438])
(1, [679, 114, 891, 446])
(1, [685, 110, 898, 445])
(1, [691, 107, 904, 446])
(1, [693, 104, 909, 450])
(1, [700, 104, 909, 459])
(1, [702, 109, 913, 463])
(1, [706, 112, 913, 464])
(1, [709, 116, 914, 468])
(1, [712, 120, 914, 467])
(1, [713, 126, 916, 469])
(1, [718, 128, 915, 472])
(1, [716, 131, 916, 471])
(1, [717, 133, 915, 472])
(1, [718, 134, 913, 473])
(1, [725, 132, 917, 472])
(1, [728, 136, 923, 477])
(1, [733, 137, 929, 480])
(1, [739, 133, 938, 484])
(1, [748, 134, 942, 473])
(1, [754, 135, 954, 478])
(1, [751, 133, 953, 480])
(1, [748, 146, 944, 472])
(1, [750, 134, 940, 476])
(1, [740, 135, 936, 485])
(1, [732, 140, 932, 484])
(1, [723, 141, 926, 486])
(1, [724, 142, 915, 480])
(1, [712, 148, 908, 474])
(1, [704, 154, 904, 470])
(1, [698, 134, 902, 471])
(1, [692, 131, 899, 469])
(1, [687, 131, 893, 466])
(1, [681, 126, 890, 464])
(1, [672, 130, 887, 461])
(1, [670, 132, 877, 452])
(1, [665, 129, 871, 449])
(1, [655, 112, 867, 456])
(1, [643, 117, 856, 440])
(1, [639, 101, 849, 445])
(1, [630, 96, 843, 451])
(1, [622, 92, 838, 448])
(1, [620, 90, 832, 446])
(1, [618, 87, 830, 441])
(1, [615, 89, 822, 433])
(1, [612, 78, 825, 440])
(1, [610, 82, 820, 444])
(1, [613, 93, 822, 433])
(1, [611, 94, 823, 436])
(1, [614, 87, 830, 441])
(1, [616, 89, 833, 444])
(1, [619, 91, 837, 448])
(1, [623, 93, 840, 447])
(1, [623, 95, 842, 451])
(1, [624, 97, 843, 456])
(1, [626, 99, 842, 454])
(1, [631, 101, 843, 458])
(1, [628, 107, 847, 464])
(1, [632, 108, 846, 461])
(1, [635, 109, 849, 464])
(1, [632, 112, 854, 469])
(1, [637, 122, 855, 467])
(1, [638, 121, 857, 467])
(1, [644, 121, 860, 476])
